      0.11000000E+04      0.26317801E+03      0.23613101E+04      0.38403799E+03      0.16459184E-01
      0.10709200E+04      0.26317801E+03      0.24256001E+04      0.38403601E+03      0.16817689E-01
      0.10422300E+04      0.26317801E+03      0.24925300E+04      0.38402701E+03      0.17473133E-01
      0.10139500E+04      0.26317801E+03      0.25622500E+04      0.38400299E+03      0.18154532E-01
      0.98606702E+03      0.26317801E+03      0.26348899E+04      0.38396701E+03      0.18845588E-01
      0.95859100E+03      0.26280701E+03      0.26160500E+04      0.38391599E+03      0.19507071E-01
      0.93152399E+03      0.26462299E+03      0.32925000E+04      0.38385300E+03      0.20286242E-01
      0.90486603E+03      0.26585699E+03      0.36748401E+04      0.38377802E+03      0.21083521E-01
      0.87862000E+03      0.26544101E+03      0.35845901E+04      0.38369601E+03      0.21806564E-01
      0.85278802E+03      0.26418201E+03      0.33047300E+04      0.38361700E+03      0.22595998E-01
      0.82737097E+03      0.26292700E+03      0.28550100E+04      0.38354599E+03      0.23567095E-01
      0.80237097E+03      0.26196500E+03      0.22728899E+04      0.38347601E+03      0.24331782E-01
      0.77778998E+03      0.26096201E+03      0.17521600E+04      0.38341400E+03      0.25237700E-01
      0.75362799E+03      0.25967899E+03      0.13458000E+04      0.38337500E+03      0.26169566E-01
      0.72988599E+03      0.25830701E+03      0.10335400E+04      0.38335501E+03      0.27195586E-01
      0.70656500E+03      0.25694400E+03      0.88973297E+03      0.38333899E+03      0.28201090E-01
      0.68366699E+03      0.25554500E+03      0.97397498E+03      0.38331799E+03      0.29245818E-01
      0.66119202E+03      0.25411301E+03      0.11984100E+04      0.38329901E+03      0.30404618E-01
      0.63914001E+03      0.25268300E+03      0.13398199E+04      0.38328400E+03      0.31606268E-01
      0.61751099E+03      0.25128400E+03      0.13427300E+04      0.38327200E+03      0.32794040E-01
      0.59630603E+03      0.24992599E+03      0.12453000E+04      0.38325800E+03      0.34148388E-01
      0.57552502E+03      0.24847000E+03      0.11337700E+04      0.38324600E+03      0.35496701E-01
      0.55516699E+03      0.24691499E+03      0.10056300E+04      0.38322800E+03      0.36895711E-01
      0.53523199E+03      0.24528799E+03      0.88411902E+03      0.38320801E+03      0.38412411E-01
      0.51571997E+03      0.24359000E+03      0.77031403E+03      0.38317999E+03      0.39993688E-01
      0.49663000E+03      0.24191400E+03      0.67149902E+03      0.38314899E+03      0.41573759E-01
      0.47796100E+03      0.24027901E+03      0.58684100E+03      0.38310800E+03      0.43274544E-01
      0.45971201E+03      0.23868500E+03      0.51421399E+03      0.38306601E+03      0.45131035E-01
      0.44188199E+03      0.23707500E+03      0.44590399E+03      0.38302200E+03      0.46990547E-01
      0.42447000E+03      0.23534000E+03      0.36536499E+03      0.38298001E+03      0.48924293E-01
      0.40747400E+03      0.23350301E+03      0.28584299E+03      0.38294601E+03      0.51026430E-01
      0.39089301E+03      0.23154601E+03      0.22745000E+03      0.38291199E+03      0.53305406E-01
      0.37472400E+03      0.22955499E+03      0.17768900E+03      0.38288000E+03      0.55598862E-01
      0.35896600E+03      0.22759399E+03      0.13584599E+03      0.38284299E+03      0.58000356E-01
      0.34361801E+03      0.22570100E+03      0.10256900E+03      0.38280301E+03      0.60595583E-01
      0.32867499E+03      0.22388499E+03      0.94720001E+02      0.38275201E+03      0.63233063E-01
      0.31413699E+03      0.22208400E+03      0.97052803E+02      0.38269400E+03      0.66093847E-01
      0.30000000E+03      0.22036800E+03      0.92580597E+02      0.38261899E+03      0.69087416E-01
      0.28626199E+03      0.21881700E+03      0.79612198E+02      0.38253500E+03      0.72237901E-01
      0.27291901E+03      0.21756400E+03      0.69540398E+02      0.38241299E+03      0.75635836E-01
      0.25996899E+03      0.21643900E+03      0.49055302E+02      0.38228601E+03      0.79220876E-01
      0.24740800E+03      0.21565199E+03      0.34998798E+02      0.38214099E+03      0.82999051E-01
      0.23523399E+03      0.21531700E+03      0.28046801E+02      0.38198901E+03      0.87398872E-01
      0.22344200E+03      0.21550200E+03      0.25261299E+02      0.38183301E+03      0.92480689E-01
      0.21202800E+03      0.21659300E+03      0.18330900E+02      0.38167300E+03      0.98540246E-01
      0.20098900E+03      0.21853000E+03      0.11171300E+02      0.38151501E+03      0.10526974E+00
      0.19032001E+03      0.21933600E+03      0.78811798E+01      0.38135901E+03      0.11335720E+00
      0.18001801E+03      0.21922600E+03      0.63153801E+01      0.38120200E+03      0.12292936E+00
      0.17007800E+03      0.21887900E+03      0.51692500E+01      0.38104800E+03      0.13370863E+00
      0.16049600E+03      0.21879900E+03      0.45811601E+01      0.38089301E+03      0.14647353E+00
      0.15126601E+03      0.21897900E+03      0.43790002E+01      0.38073401E+03      0.16155605E+00
      0.14238499E+03      0.21887801E+03      0.42678800E+01      0.38054401E+03      0.17914927E+00
      0.13384599E+03      0.21850500E+03      0.42464199E+01      0.38036200E+03      0.19935586E+00
      0.12564600E+03      0.21827100E+03      0.42016401E+01      0.38016901E+03      0.22392604E+00
      0.11777800E+03      0.21799200E+03      0.41689701E+01      0.37997699E+03      0.25407293E+00
      0.11023700E+03      0.21771899E+03      0.41326799E+01      0.37976801E+03      0.29143819E+00
      0.10301700E+03      0.21730299E+03      0.41088400E+01      0.37953500E+03      0.33850235E+00
      0.96113800E+02      0.21677499E+03      0.40804100E+01      0.37931299E+03      0.39679244E+00
      0.89520401E+02      0.21594200E+03      0.40576301E+01      0.37898001E+03      0.46851128E+00
      0.83231003E+02      0.21533000E+03      0.39620299E+01      0.37866000E+03      0.55743104E+00
      0.77239601E+02      0.21486301E+03      0.39138701E+01      0.37830200E+03      0.66624963E+00
      0.71539803E+02      0.21472400E+03      0.38912101E+01      0.37791501E+03      0.79999441E+00
      0.66125298E+02      0.21503300E+03      0.38524699E+01      0.37755099E+03      0.96276975E+00
      0.60989498E+02      0.21557700E+03      0.38405499E+01      0.37723199E+03      0.11614556E+01
      0.56125999E+02      0.21600400E+03      0.38562601E+01      0.37692999E+03      0.14031137E+01
      0.51527802E+02      0.21636400E+03      0.38473201E+01      0.37668900E+03      0.16953486E+01
      0.47188202E+02      0.21644000E+03      0.38164401E+01      0.37648199E+03      0.20483601E+01
      0.43100101E+02      0.21612300E+03      0.38504400E+01      0.37628601E+03      0.24727101E+01
      0.39256599E+02      0.21582300E+03      0.39899800E+01      0.37610001E+03      0.29790816E+01
      0.35650501E+02      0.21600400E+03      0.39969599E+01      0.37592599E+03      0.35788209E+01
      0.32274399E+02      0.21587700E+03      0.38525100E+01      0.37577802E+03      0.42742219E+01
      0.29121000E+02      0.21520700E+03      0.38394201E+01      0.37563901E+03      0.50126553E+01
      0.26182899E+02      0.21457001E+03      0.40445199E+01      0.37553201E+03      0.57146950E+01
      0.23452600E+02      0.21455499E+03      0.43343701E+01      0.37543500E+03      0.63450336E+01
      0.20922400E+02      0.21534399E+03      0.45372100E+01      0.37537000E+03      0.68900318E+01
      0.18584700E+02      0.21649600E+03      0.45332298E+01      0.37531299E+03      0.73408775E+01
      0.16431801E+02      0.21727400E+03      0.44800301E+01      0.37527499E+03      0.76939497E+01
      0.14455900E+02      0.21773100E+03      0.44939799E+01      0.37523999E+03      0.79721823E+01
      0.12649200E+02      0.21800000E+03      0.46063299E+01      0.37520801E+03      0.82129946E+01
      0.11003800E+02      0.21839999E+03      0.48210001E+01      0.37516501E+03      0.84254417E+01
      0.95118999E+01      0.21944901E+03      0.51242099E+01      0.37511600E+03      0.86022797E+01
      0.81654997E+01      0.22194701E+03      0.53001800E+01      0.37505399E+03      0.87284193E+01
      0.69566998E+01      0.22451700E+03      0.53122902E+01      0.37497800E+03      0.87447147E+01
      0.58776002E+01      0.22685800E+03      0.53320198E+01      0.37489899E+03      0.85926228E+01
      0.49204001E+01      0.22893600E+03      0.54348998E+01      0.37482401E+03      0.82667103E+01
      0.40770001E+01      0.23107600E+03      0.55654101E+01      0.37476199E+03      0.77718058E+01
      0.33397999E+01      0.23292700E+03      0.56818600E+01      0.37471701E+03      0.70523844E+01
      0.27009001E+01      0.23446600E+03      0.58492699E+01      0.37468100E+03      0.61066346E+01
      0.21526000E+01      0.23584900E+03      0.60192399E+01      0.37464899E+03      0.50634737E+01
      0.16872000E+01      0.23793500E+03      0.61457400E+01      0.37460901E+03      0.41858635E+01
      0.12972000E+01      0.24246800E+03      0.62040701E+01      0.37455099E+03      0.36419516E+01
      0.97530001E+00      0.24907600E+03      0.62054501E+01      0.37449100E+03      0.31567039E+01
      0.71399999E+00      0.25361800E+03      0.60933099E+01      0.37444299E+03      0.21708791E+01
      0.50639999E+00      0.25598399E+03      0.57363901E+01      0.37441299E+03      0.10645871E+01
      0.34540001E+00      0.25607300E+03      0.54422402E+01      0.37439700E+03      0.19617518E+01
      0.22440000E+00      0.25297800E+03      0.50207601E+01      0.37438501E+03      0.17730243E+01
      0.13699999E+00      0.24583200E+03      0.41343899E+01      0.37437500E+03      0.70910111E-01
      0.76899998E-01      0.23550700E+03      0.31481299E+01      0.37436899E+03      0.34724166E-04
      0.38400002E-01      0.22352600E+03      0.24411299E+01      0.37436499E+03      0.43660204E-10
      0.16100001E-01      0.21047900E+03      0.18662100E+01      0.37436200E+03      0.72262042E-21
      0.49999999E-02      0.20270300E+03      0.15390000E+01      0.37436099E+03      0.72262042E-21
